8 51 57 101 0
55 31 103 101 1
103 27 158 102 2
151 27 206 97 3
207 29 231 100 4
229 29 269 101 5
269 29 310 97 6
310 28 358 98 7
357 30 403 97 8
401 31 448 95 9
450 30 495 96 10
495 27 541 96 11
541 29 585 98 12
586 28 632 99 13
633 27 679 99 14
679 27 726 97 15
726 26 773 97 16
773 28 823 98 17
823 26 867 96 18
871 25 916 99 19
916 28 966 97 20
14 115 55 159 21
58 116 100 159 22
15 159 55 200 23
57 157 101 201 24
110 131 151 190 25
153 122 216 193 26
219 122 269 193 27
268 123 316 194 28
315 121 365 191 29
364 120 409 190 30
411 123 455 191 31
457 123 501 189 32
501 121 547 191 33
548 120 597 191 34
597 121 639 191 35
642 122 687 191 36
687 120 730 190 37
731 124 780 192 38
779 120 823 189 39
824 119 875 193 40
876 121 923 193 41
923 119 967 189 42
14 225 60 275 43
62 225 107 276 44
109 227 159 277 45
21 279 59 327 46
61 281 99 326 47
101 284 157 321 48
13 333 61 380 49
63 331 107 380 50
109 333 154 379 51
158 217 236 376 52
240 217 327 379 53
331 215 415 378 54
421 217 499 373 55
510 216 584 373 56
598 217 672 372 57
685 219 762 373 58
775 218 850 374 59
863 211 887 266 60
887 209 911 263 61
908 209 935 265 62
933 209 966 261 63
857 273 887 323 64
890 275 923 324 65
923 274 963 324 66
857 330 883 378 67
884 328 934 377 68
934 328 964 377 69
11 419 75 458 70
82 412 129 461 71
137 413 183 462 72
183 407 223 457 73
223 420 271 453 74
273 399 315 459 75
317 401 357 458 76
357 400 396 457 77
400 401 436 458 78
439 400 477 458 79
480 404 518 459 80
519 398 557 459 81
560 402 599 460 82
600 400 640 459 83
640 399 682 459 84
683 399 724 458 85
722 396 760 458 86
763 397 803 459 87
804 397 845 455 88
843 395 884 459 89
885 401 920 457 90
922 396 963 457 91
